instance: 2 time: 384.4190411567688 ObjVal: 2.939638333333335 LowerBound: 2.939638333333335 GAP: 0.0
instance: 3 time: 431.6138756275177 ObjVal: 15.108923888888887 LowerBound: 15.108922222222231 GAP: 1.1031008347185986e-07
