instance: 1 time: 16202.644643068314 ObjVal: 1.2216994444440499 LowerBound: 0.8536365094404812 GAP: 0.3012712633024569
instance: 7 time: 16222.21631193161 ObjVal: 16.37335111111108 LowerBound: 16.298482035888153 GAP: 0.0045726177075700305
instance: 9 time: 16233.139723777771 ObjVal: 98.1425000000011 LowerBound: 98.12743195641623 GAP: 0.0001535322982894811
instance: 10 time: 16306.466398239136 ObjVal: 68.14241833333324 LowerBound: 68.10175672729792 GAP: 0.0005967150422576651
